102 
203 ޽
108 
121 ױ
131 
126 ΰ
129 
136 ͮ
158 
225 
248 
276 
289 ־
291 
295 Ԩ
311 
316 
318 
323 
326 ΰ
328 
331 
335 
337 
339 
341 ѩ
343 h
346 
349 
351 
352 
356 
358 
359 ܰ
361 
367 
369 
371 Z
373 
378 ѩ
379 
381 Ǻ
383 溺
385 
387 ӱ
388 ͮ
812 
815 
835 
838 
851 
856 
865 ˼
867 ͮ
868 ν
871 ޱ
873 ž
876 ܽ
879 ˼ӱ
881 Ȼ
885 
886 ѩܰ
891 
401 
404 Զ
413 
414 
416 
421 
423 
429 ޽
431 
432 Զ
433 Ң
441 
443 ΰ
446 
448 Խ
451 
452 
457 
461 
468 
491 ־
703 
706 Ԩ
712 
716 
717 
721 
726 
728 
729 
731 ܻ
733 
738 
741 
743 ǿ
751 ΰ
756 
758 
759 
761 
763 ױ
769 
771 Խ
776 绪
778 
782 
785 ΰ
789 
501 
512 ޽
516 ־
518 
521 
523 ܲ
526 ϳ
528 ΰ
529 ΰ
531 ͮ
534 
537 
539 
541 ǻ
546 
549 
551 
553 Ȼ
558 
559 
561 
562 
567 
569 
571 ͮ
573 
579 
581 
583 